1, 1524
2052, 3260
3280, 4437
4434, 4997
5240, 7267
7302, 9818
9914, 10828
10887, 10960
11112, 11184
11874, 12311
12468, 13016
13133, 13558
13714, 13995
14089, 14877
14914, 15612
15590, 17470
17467, 18762
18759, 20234
20231, 21640
21637, 23181
23270, 23737
23861, 25444
25644, 25726
25913, 26881
27023, 27442
27595, 28365
28362, 29207
29245, 29607
29722, 31068
31189, 31506
31514, 31819
32057, 33154
33224, 33553
34295, 36610
36607, 36870
36867, 37262
37259, 38947
39056, 39829
39877, 41202
41304, 41912
42004, 42351
42433, 43365
43562, 46471
46581, 47207
47366, 48100
48233, 49027
49043, 49939
50021, 51124
51185, 51727
51828, 52697
52831, 53244
53663, 55699
55696, 57378
57410, 57973
58192, 58482
58586, 59080
59122, 59376
59409, 59867
59896, 60417
60396, 63020
63200, 63892
63909, 64967
65012, 65350
65552, 66694
66923, 68362
68418, 68579
68620, 71559
71589, 71828
71821, 72222
72274, 74511
74629, 75198
75301, 76212
76237, 77622
77619, 78896
79486, 80193
80624, 81673
81676, 82668
82748, 83983
83996, 85168
85183, 85572
85636, 86466
86528, 87133
87208, 87801
87798, 88004
88204, 89025
89022, 89480
89575, 89919
89924, 90403
90400, 92322
92328, 93278
93289, 93951
93951, 95417
95414, 96892
96927, 97601
97758, 98351
98480, 99250
99684, 100451
100583, 102868
102815, 103663
103710, 104663
104805, 105215
106734, 107603
107600, 108151
108156, 109778
109783, 110019
110001, 117539
117714, 119699
119915, 122173
122317, 123831
123980, 124264
124374, 125570
125643, 130541
130895, 131104
133020, 133769
133950, 136007
136289, 137245
137319, 137909
137941, 138513
138513, 139673
139956, 140144
140267, 141022
141200, 142144
142128, 143876
144049, 145626
145627, 147771
147908, 148342
148491, 148859
148856, 149224
151148, 152215
152324, 154129
154232, 155599
155667, 156446
156578, 157600
157847, 158302
158315, 159658
159700, 160782
160869, 161474
161771, 162673
162644, 163249
163366, 164691
164712, 165260
165323, 165826
165827, 166849
166910, 167290
167271, 167681
167711, 168637
168704, 170182
170284, 171126
171215, 172168
172211, 173143
173238, 174758
174833, 175693
175700, 176668
176665, 176952
181155, 181985
181987, 183198
183622, 184722
184723, 185055
185052, 186479
186495, 186623
186785, 187429
190607, 191956
191984, 193135
193117, 193572
193626, 194111
194144, 194815
194993, 196657
196861, 197658
197660, 198529
198534, 199898
199895, 200935
200932, 202479
202476, 204068
204065, 205237
205231, 206778
206814, 207455
207452, 208420
208417, 208971
208938, 209672
209703, 210812
210892, 212250
212277, 213011
213028, 214140
214088, 214927
214969, 215718
215715, 216224
216269, 218344
218390, 218551
218705, 219367
219486, 219917
219996, 221723
221871, 222161
222289, 223530
223564, 224664
224724, 226571
226878, 230462
230899, 231534
231647, 232231
232231, 234519
234516, 236507
236550, 237209
237206, 237895
237892, 238395
238392, 241292
241514, 241924
241976, 243214
243384, 244487
244484, 247318
247384, 248112
248115, 248906
249038, 250123
250120, 251598
251782, 253602
253669, 254640
254637, 255950
256064, 257677
258913, 259926
259923, 260831
260924, 262252
262254, 262802
262812, 264023
264067, 265476
265507, 266295
266301, 267764
267863, 268627
268663, 269817
269834, 271564
271574, 272839
273055, 274278
274306, 274986
274983, 275963
276058, 277764
277899, 278588
278585, 279529
279605, 281140
281166, 282614
282649, 286851
286898, 287071
287186, 288352
288428, 289042
289104, 289337
289345, 289782
289812, 290654
290665, 292029
292171, 293493
293604, 293705
293798, 295633
296005, 296493
296809, 298119
298116, 298862
298863, 300803
300834, 301655
301735, 302028
302173, 302652
302866, 305427
305453, 305809
305825, 306349
306374, 307858
309699, 310073
310294, 310749
310774, 311517
311514, 312659
312759, 314168
314309, 314854
314864, 315766
315783, 316415
316511, 317503
317525, 321154
321331, 322722
322764, 323273
323338, 324531
324567, 326249
326266, 328461
328575, 329708
329705, 330325
330422, 331003
330933, 331658
331748, 332668
332708, 333136
340998, 341906
342130, 344025
344022, 345638
345635, 349627
351525, 351818
351848, 352138
352149, 353036
353083, 354501
354498, 355883
355880, 356875
356862, 358064
358171, 358956
358945, 359748
359758, 361155
363252, 363479
363476, 363778
363826, 364047
364044, 364469
364605, 365237
365234, 366142
375914, 376585
376573, 377055
377113, 377829
377931, 378587
378657, 379148
379172, 380401
380556, 382418
382490, 382876
382879, 383541
383602, 384486
384535, 385149
385173, 385943
386204, 386274
386305, 387099
387148, 387816
387888, 388550
388582, 389154
389260, 390591
390580, 391251
391352, 392032
392039, 392263
392273, 392728
392696, 394045
394111, 394713
394694, 395320
395347, 396087
396201, 397367
397442, 398227
398254, 398628
398658, 399524
400192, 401703
401873, 403162
403193, 405841
405950, 408448
408634, 409173
409362, 410801
410838, 412760
412757, 414238
414381, 414941
415050, 415460
415502, 416965
417304, 418290
418293, 418946
418949, 419608
419835, 421712
421709, 422416
422452, 423639
423639, 424019
434830, 435474
435471, 436769
436860, 437507
437518, 438297
438302, 438739
438822, 439649
439871, 441253
441265, 442299
442395, 443078
443067, 444197
444222, 444815
444844, 445233
445314, 446525
446531, 447046
447147, 448043
448040, 448633
448630, 449385
449404, 451803
451800, 452279
452294, 453154
453230, 454372
454421, 455386
455637, 455858
455977, 456192
456268, 456819
456915, 457823
457841, 458380
458461, 459315
459456, 462002
462135, 463307
463411, 466668
468335, 469594
469591, 470013
470010, 471230
471227, 472639
472781, 474106
474122, 474841
474940, 475344
475350, 475742
475816, 476184
476394, 476642
476679, 477320
477327, 478556
478566, 479753
479789, 480160
480355, 483231
483228, 483656
483977, 485734
485731, 489939
489887, 490705
490783, 491793
491786, 493858
493851, 495008
495062, 497314
497314, 498300
498300, 499619
499713, 500366
500350, 501018
501148, 502170
502167, 502373
502366, 503124
503496, 504998
505086, 506582
506561, 506971
507132, 507761
507758, 508555
508582, 510225
510377, 510652
510702, 515321
515373, 515816
516017, 516892
516895, 517803
517803, 518396
518733, 519041
519073, 519567
519600, 520322
520324, 521454
521514, 522167
522347, 524533
524530, 525390
525387, 526082
526143, 527360
527379, 528314
528608, 530230
530296, 530724
532396, 532911
533091, 533789
533833, 534396
534445, 535215
535224, 536507
536504, 537169
537229, 538548
538588, 541491
541488, 541910
542142, 542852
545375, 545821
545889, 546803
547076, 547357
547344, 547517
547586, 549607
549675, 551198
551198, 551689
551749, 551988
552026, 552550
552614, 554008
554016, 554309
554313, 554885
554882, 556306
556458, 557252
557527, 558813
558895, 559755
559888, 560748
560848, 561711
561854, 562294
562225, 562713
562723, 563427
563564, 564934
565021, 565443
565797, 566396
566508, 566771
566776, 567222
567222, 567896
567921, 568967
568964, 569806
569988, 570512
570539, 571648
571710, 573065
573046, 573801
573984, 575300
575348, 576790
576787, 577338
577664, 578269
578426, 579175
579349, 580581
580809, 581492
581489, 583378
583375, 583704
583701, 584690
584695, 585423
585424, 586314
586394, 587380
587377, 588309
588325, 589167
589183, 590058
590083, 590970
591111, 591347
591654, 592784
592791, 593867
593871, 594779
594802, 595302
595464, 596585
596759, 597202
597199, 600105
600098, 600391
600441, 601847
601857, 602786
602819, 604516
604602, 605591
605604, 606152
606149, 606448
606551, 608062
608059, 608535
608746, 610056
610188, 610883
611172, 612074
613038, 614342
614326, 614721
614835, 616223
616223, 616831
616846, 617496
617493, 618272
618305, 619894
619891, 620865
620907, 622124
622121, 622282
622329, 622646
624473, 625480
625562, 626440
626457, 627251
627248, 628288
628298, 629731
630040, 631686
631743, 632375
632372, 633034
633055, 634404
634416, 635504
635573, 635875
635935, 636213
636210, 637463
637583, 637969
638032, 638916
639012, 639956
640228, 640641
640638, 640904
641096, 642811
642889, 644493
644490, 645470
645467, 646255
646298, 647962
647959, 648474
648536, 649672
649689, 650393
650407, 650745
650779, 651504
651529, 652755
652771, 653778
653879, 654739
654924, 655949
656010, 657470
657548, 658039
658109, 658189
658321, 659340
659450, 660868
661003, 661269
661295, 663373
663487, 664818
665042, 665383
665851, 667242
667252, 668394
668579, 669745
669848, 671152
671166, 671951
676238, 676996
677125, 677616
677710, 677925
677922, 678329
678389, 679075
679229, 681862
681885, 684272
684410, 685132
685129, 685926
685928, 686815
686821, 688035
689059, 690504
690501, 692027
692024, 693232
693237, 694787
694839, 695231
695228, 695485
695668, 696903
697154, 697567
697564, 697800
697904, 698410
698524, 698994
699038, 699799
699856, 700167
700239, 701189
701430, 702014
702813, 703199
703244, 703489
703486, 703887
703830, 704057
704187, 704247
704752, 705909
705961, 706182
706324, 706929
706948, 709515
709356, 710348
710345, 710587
710782, 711009
711006, 711407
712716, 713807
714202, 715266
715370, 716317
716410, 716664
716664, 717059
717153, 717893
718025, 718285
718282, 718689
718761, 719912
720005, 721732
721729, 725013
725013, 728306
728583, 729278
729327, 730166
730320, 731033
731113, 731364
731494, 731566
731603, 731676
731712, 731879
731930, 732406
732393, 732821
732825, 733325
733524, 733596
733737, 734222
734254, 734970
735022, 735450
735517, 736224
736298, 737203
737268, 738149
738297, 739160
739327, 740187
740234, 741139
741151, 742617
742719, 746366
746363, 747037
747037, 747945
748276, 748812
748849, 749241
749234, 749929
750000, 751505
751517, 752596
752984, 753367
753462, 753617
753693, 754409
754685, 754993
754980, 755225
755335, 755772
755769, 756023
756137, 758500
758532, 758804
758801, 759139
759136, 759309
759807, 763325
763370, 767320
767684, 769597
769792, 770550
770582, 771424
771484, 773112
773123, 774061
774064, 774786
774783, 775574
775586, 778480
778477, 778905
778990, 779487
779543, 780040
780042, 780416
780721, 781311
781560, 781934
781934, 782404
782485, 784590
784821, 786011
786149, 786946
787099, 787926
787940, 789160
789157, 789411
790024, 791073
791070, 791666
791757, 791846
792157, 793332
793335, 794525
794715, 795470
795519, 796931
796933, 798372
798833, 799444
799629, 799850
800487, 800792
800809, 801462
801462, 802133
802133, 802435
802528, 803370
803411, 803692
803689, 804282
804282, 805106
805110, 805526
805526, 805759
805756, 806166
806335, 808698
808746, 809645
809946, 810887
811373, 811741
811742, 812059
812059, 812622
812627, 812812
812976, 813374
813398, 813937
813940, 814308
814328, 814990
814993, 815190
815190, 815630
815663, 817534
817539, 818444
818537, 819640
819843, 820499
820496, 821476
821507, 822853
822866, 823594
823683, 824639
824800, 826125
826122, 826667
826670, 827470
827543, 828076
828140, 828892
829207, 829704
830062, 830610
830855, 831661
831776, 832303
833886, 834443
834440, 834946
835154, 835681
840947, 841204
841228, 841656
841737, 841874
842033, 842278
842347, 843231
843242, 844414
844421, 845953
850642, 850713
850741, 851466
851608, 852351
852396, 853853
853825, 854157
854267, 854686
854699, 855826
855925, 856470
856473, 856679
856682, 858037
858037, 858864
858864, 860072
860069, 860710
860912, 862381
862412, 863158
863256, 864143
864140, 864574
864586, 865854
865851, 867389
867440, 868351
868407, 869030
868984, 869763
870008, 871426
871431, 872675
872672, 873292
873343, 874236
876818, 878440
878638, 879324
879340, 881040
881075, 881713
881459, 882418
882524, 882763
882760, 883434
883451, 884050
884072, 884800
884797, 885840
885837, 886646
886719, 887024
887137, 888636
891472, 892269
892266, 893273
893318, 894619
894631, 894978
894972, 895628
895820, 898084
898081, 898710
898831, 899787
899732, 901330
901635, 902024
902111, 903694
903725, 904819
904905, 905087
905234, 906340
906423, 907292
907338, 908018
908181, 908483
908485, 909318
909611, 910033
910030, 910842
910972, 911739
911736, 912683
912726, 913502
913558, 914199
914257, 916311
916477, 917646
917734, 918750
918264, 918458
918912, 919553
919634, 920689
920741, 921133
921191, 921613
921970, 922875
922894, 923709
923803, 923875
923999, 924072
924110, 924183
924213, 924286
930953, 931597
932279, 932932
933003, 934031
934720, 935490
935577, 936389
936457, 937317
937593, 937835
938112, 939404
939388, 940392
940456, 941106
941190, 942467
942680, 944194
944343, 944735
944938, 946056
946056, 947315
947641, 948468
948757, 949395
949436, 951118
951183, 951626
951632, 952711
952825, 953229
953257, 953730
953727, 954920
955077, 956288
956293, 958455
958523, 960151
960342, 962612
962599, 962880
962890, 963393
963390, 963872
963869, 964294
964312, 965535
965983, 966261
966265, 967347
967344, 967733
967898, 968305
970505, 972457
972546, 973706
973806, 974294
974291, 975937
976075, 976863
978481, 978756
978934, 979365
979362, 980228
980225, 980509
980506, 981267
981424, 982554
982762, 983784
983803, 985530
985513, 985971
987233, 988705
988740, 989861
989948, 992596
992598, 993455
993853, 995340
995318, 996295
996524, 997705
997782, 999299
999472, 1000767
1000808, 1002415
1002441, 1002704
1002812, 1003792
1003805, 1003957
1003957, 1004484
1004501, 1005841
1005852, 1006562
1006693, 1008180
1008207, 1008938
1008944, 1010062
1010136, 1011734
1011731, 1014124
1014681, 1014860
1014866, 1015300
1015398, 1016171
1016236, 1016685
1017217, 1018725
1018727, 1019965
1022087, 1023868
1024211, 1024687
1024684, 1025184
1025321, 1025393
1027104, 1027685
1029513, 1030577
1030578, 1031864
1031896, 1032633
1032710, 1033786
1033840, 1034631
1034903, 1036015
1036028, 1037002
1036999, 1037925
1037920, 1039914
1039936, 1041048
1041264, 1042094
1042115, 1043239
1043299, 1044315
1044317, 1045222
1045199, 1046020
1046136, 1048415
1048412, 1050346
1050593, 1051459
1051544, 1052317
1052360, 1052638
1052696, 1053736
1053765, 1054241
1054247, 1055008
1055024, 1056685
1057646, 1057963
1058260, 1060575
1060656, 1061654
1061964, 1063127
1063140, 1064051
1064114, 1064962
1065127, 1066038
1066078, 1067445
1067561, 1068208
1068205, 1069776
1069883, 1071262
1071255, 1073273
1073327, 1073548
1073545, 1073928
1074074, 1074421
1074440, 1075114
1075297, 1076097
1076196, 1076678
1076778, 1077197
1077233, 1077835
1077975, 1078334
1078391, 1078687
1078743, 1081055
1081052, 1081684
1081775, 1082584
1082584, 1083750
1083747, 1085750
1085756, 1087345
1087348, 1088496
1088493, 1090175
1094670, 1094864
1094886, 1095059
1096822, 1097508
1097508, 1099022
1099066, 1100460
1100460, 1101005
1101025, 1101480
1101803, 1102549
1102542, 1105109
1105116, 1106276
1106405, 1107382
1107443, 1108099
1108172, 1108504
1108578, 1109171
1109272, 1110192
1110269, 1111549
1111612, 1112223
1112384, 1113460
1113511, 1113583
1113861, 1114112
1114293, 1114724
1114748, 1115749
1115767, 1116525
1116531, 1117148
1117185, 1118393
1118428, 1119939
1120022, 1120879
1120889, 1122148
1122222, 1123598
1123714, 1125417
1125444, 1127003
1127089, 1127883
1128091, 1129179
1129152, 1130105
1130191, 1131111
1131128, 1131421
1131625, 1133259
1133333, 1133908
1133921, 1134568
1134785, 1135465
1135501, 1136481
1136573, 1138060
1138076, 1138147
1138315, 1138908
1138967, 1142671
1142671, 1143648
1143736, 1144467
1144564, 1145853
1145858, 1146544
1146561, 1147028
1147019, 1147978
1148427, 1149107
1149104, 1151686
1151920, 1152012
1152012, 1153727
1153724, 1155853
1155853, 1156422
1156426, 1157955
1157963, 1158736
1160544, 1160828
1160855, 1161151
1165781, 1166806
1167053, 1167676
1167673, 1168554
1171038, 1172153
1172386, 1172832
1172881, 1173786
1173945, 1174700
1175723, 1176112
1177396, 1177469
1177628, 1178392
1179396, 1180577
1180684, 1182315
1182391, 1183455
1183508, 1183981
1184015, 1184878
1184883, 1185740
1185741, 1186823
1186904, 1187323
1187435, 1188001
1187998, 1188393
1192510, 1194273
1194270, 1195043
1195055, 1196092
1196279, 1197115
1197231, 1198082
1198156, 1199373
1199426, 1200370
1200767, 1201660
1201717, 1203111
1203313, 1204035
1204067, 1205233
1205304, 1205798
1205984, 1206418
1206520, 1207386
1207383, 1207649
1207636, 1209657
1209756, 1210484
1210595, 1211383
1215225, 1215407
1219248, 1220186
1220388, 1220487
1220574, 1221854
1221959, 1222786
1222997, 1224298
1224385, 1225260
1225263, 1226144
1226141, 1227565
1227596, 1228684
1228683, 1229384
1229391, 1230548
1230660, 1230971
1230971, 1231291
1232844, 1233956
1233966, 1234223
1234213, 1235460
1235457, 1236095
1236185, 1237192
1237209, 1238192
1238255, 1239328
1239416, 1239613
1239610, 1239984
1240187, 1240885
1241003, 1241188
1241633, 1241956
1241971, 1242831
1242864, 1243013
1243010, 1243504
1243707, 1245107
1245129, 1246151
1246144, 1247052
1247127, 1248077
1248082, 1249326
1249330, 1249935
1249932, 1251404
1251617, 1252972
1253074, 1254534
1254555, 1256135
1256132, 1257313
1257325, 1259055
1259067, 1261346
1261922, 1262158
1265034, 1265438
1265472, 1266488
1266485, 1266985
1267347, 1268195
1268203, 1269009
1269152, 1269958
1270062, 1271144
1271156, 1271908
1272423, 1273334
1273355, 1274767
1274900, 1275550
1276300, 1277748
1278904, 1279617
1279655, 1280020
1279998, 1280846
1280843, 1281484
1281429, 1281872
1282030, 1282218
1282306, 1282893
1283056, 1284171
1283693, 1283815
1284179, 1284862
1284992, 1286287
1286284, 1286568
1286595, 1287020
1287328, 1291026
1291065, 1292741
1292798, 1293403
1293406, 1294146
1294168, 1296054
1296152, 1298059
1298087, 1298692
1300304, 1301215
1301307, 1301747
1302931, 1305501
1305669, 1306001
1306202, 1308226
1308223, 1308792
1309005, 1309331
1309364, 1310452
1310480, 1313299
1313725, 1315191
1315234, 1319982
1320035, 1321453
1321520, 1324528
1324532, 1325611
1325776, 1327512
1327689, 1329305
1329390, 1331021
1331021, 1332010
1332092, 1332964
1332980, 1333858
1333931, 1334845
1334927, 1335754
1335794, 1337215
1337248, 1338513
1340659, 1340955
1341006, 1341290
1342942, 1344219
1344216, 1345169
1345260, 1346324
1346321, 1346905
1346936, 1348624
1348719, 1349282
1349332, 1351125
1351191, 1352147
1352144, 1353118
1353157, 1353525
1353522, 1354136
1354243, 1354470
1354498, 1355661
1355836, 1357050
1357759, 1359444
1359472, 1360146
1360155, 1361801
1361798, 1362733
1362723, 1363361
1363503, 1364150
1364413, 1365186
1365344, 1365808
1365875, 1367461
1367463, 1367858
1367891, 1368721
1368832, 1370295
1370292, 1370825
1370920, 1371477
1371529, 1371702
1371777, 1372949
1372962, 1374197
1374322, 1374864
1374861, 1376168
1376230, 1376826
1376976, 1377503
1377524, 1378930
1378927, 1379850
1379855, 1380679
1380684, 1381865
1381942, 1383042
1383213, 1384202
1384278, 1384538
1384535, 1384966
1386857, 1387717
1387798, 1388628
1388685, 1388978
1388975, 1389244
1389357, 1393052
1393194, 1393982
1394179, 1395918
1395821, 1399240
1399296, 1399904
1399970, 1401661
1401658, 1402809
1402778, 1403386
1403386, 1404603
1404717, 1406084
1406081, 1407340
1407339, 1408238
1408240, 1409358
1409484, 1409933
1409938, 1410372
1410431, 1411819
1411894, 1413087
1413094, 1413224
1413260, 1413940
1413960, 1415840
1416181, 1417347
1417658, 1418356
1418579, 1418953
1419014, 1419748
1419961, 1420302
1420410, 1422305
1422302, 1424050
1424197, 1424754
1424751, 1425293
1425438, 1425914
1426164, 1427417
1427414, 1430041
1430062, 1431648
1431665, 1433440
1433433, 1435271
1435268, 1436143
1436140, 1437117
1437324, 1437815
1437909, 1438907
1438907, 1440751
1440805, 1441290
1441348, 1442718
1442767, 1443399
1443482, 1445047
1445058, 1445372
1445499, 1445834
1446193, 1446265
1446379, 1448031
1448028, 1449371
1449375, 1450700
1450697, 1451779
1451997, 1452947
1453204, 1455012
1455163, 1455405
1455495, 1456568
1456565, 1457542
1457558, 1458211
1458295, 1459509
1459766, 1460251
1460244, 1460996
1461045, 1461290
1461321, 1461836
1461843, 1463183
1463228, 1464877
1464884, 1465801
1465841, 1467301
1467315, 1467680
1467688, 1468131
1469671, 1470252
1470321, 1471577
1471619, 1471742
1471846, 1473382
1473658, 1476795
1476899, 1477013
1477134, 1477631
1477628, 1479118
1479199, 1480824
1480894, 1482501
1482514, 1484217
1484279, 1484959
1484982, 1485278
1485313, 1485771
1485862, 1487031
1487161, 1488075
1490117, 1492312
1492320, 1494425
1494564, 1497155
1497195, 1499189
1499213, 1500559
1500661, 1500966
1500926, 1501582
1501599, 1502633
1502641, 1503081
1503103, 1503384
1503394, 1504365
1504356, 1505078
1505075, 1505890
1505917, 1506738
1506755, 1507534
1507573, 1508187
1508184, 1508546
1508543, 1508923
1508968, 1509288
1509281, 1510846
1510846, 1512006
1511973, 1512605
1512728, 1512811
1513047, 1515626
1515623, 1517362
1517491, 1518234
1518231, 1518560
1518763, 1519134
1519200, 1519985
1520005, 1521876
1521885, 1524032
1524029, 1524820
1525293, 1526216
1526612, 1530091
1530173, 1530925
1531348, 1532370
1533948, 1534610
1534607, 1535392
1535417, 1535716
1535683, 1537644
1537783, 1538169
1538390, 1539211
1539180, 1539440
1539512, 1540645
1541020, 1541805
1543359, 1544828
1544825, 1546006
1546012, 1546992
1547072, 1547530
1547129, 1547268
1547832, 1549151
1549148, 1550641
1550579, 1551217
1551228, 1552655
1552654, 1553235
1553232, 1554191
1554188, 1555480
1555477, 1555974
1555971, 1557101
1557101, 1560448
1560445, 1561269
1563694, 1564266
1564401, 1565027
1565093, 1565425
1565441, 1566697
1566825, 1568036
1568109, 1569587
1569584, 1570969
1571047, 1572081
1574112, 1574513
1574510, 1574767
1574850, 1575809
1575834, 1576796
1576930, 1577532
1577613, 1579580
1579598, 1580422
1580591, 1581073
1581145, 1581969
1582166, 1583104
1583101, 1584474
1584499, 1585197
1585194, 1586213
1586210, 1587766
1587772, 1588482
1588567, 1589172
1589386, 1589901
1589891, 1590292
1590397, 1591674
1591671, 1592153
1592150, 1592614
1592639, 1593325
1593505, 1593978
1594042, 1595982
1595979, 1596884
1596881, 1597909
1597906, 1598883
1598893, 1599654
1599658, 1601037
1601059, 1602321
1602321, 1603928
1603932, 1604759
1604878, 1606146
1608083, 1609852
1609849, 1611270
1611434, 1612249
1612256, 1612393
1612342, 1612950
1613307, 1614326
1614329, 1615567
1615564, 1616349
1616961, 1617386
1617837, 1618070
1619791, 1622091
1622207, 1622692
1623287, 1623697
1623714, 1624457
1624454, 1625365
1625418, 1626962
1626959, 1628080
1628097, 1630199
1635029, 1635955
1638381, 1639646
1639674, 1640660
1640680, 1641543
1641493, 1642425
1642537, 1643322
1643319, 1644260
1644363, 1646138
1646186, 1646992
1646989, 1649529
1649526, 1650719
1650716, 1651516
1651518, 1652771
1652768, 1653256
1653231, 1653578
1653673, 1655502
1656963, 1658936
1658980, 1659354
1659370, 1659741
1659763, 1660620
1660656, 1662284
1662381, 1662572
1662641, 1663204
1663215, 1666046
1666204, 1666764
1666990, 1668408
1668419, 1669144
1669283, 1670416
1670413, 1671366
1671377, 1672384
1672457, 1673299
1673440, 1674183
1674202, 1675011
1675017, 1676051
1676017, 1676883
1676941, 1677375
1677397, 1678542
1678552, 1678908
1678942, 1679172
1679322, 1680629
1681208, 1681966
1682157, 1684004
1684005, 1686257
1686271, 1686573
1686570, 1686887
1686884, 1687888
1687941, 1689230
1689303, 1689920
1690134, 1690346
1690407, 1690805
1690850, 1691878
1691890, 1692711
1692924, 1693823
1695281, 1695946
1695943, 1696443
1696727, 1697422
1697356, 1697859
1698095, 1699894
1699866, 1700228
1700212, 1701093
1701295, 1702593
1703074, 1704096
1704093, 1705061
1705058, 1705789
1705807, 1706595
1706630, 1707526
1707529, 1708539
1708871, 1709635
1709644, 1710603
1710733, 1711002
1711028, 1712068
1712302, 1714053
1714172, 1717612
1717653, 1718696
1718726, 1719970
1720017, 1720802
1720780, 1722060
1722083, 1728409
1728953, 1729450
1729502, 1731256
1731373, 1732476
1732473, 1733039
1733116, 1733550
1733610, 1734737
1734734, 1735411
1735976, 1736212
1736519, 1739644
1739856, 1741247
1741212, 1742192
1742244, 1742852
1742845, 1743771
1743778, 1744371
1744426, 1744836
1745064, 1746089
1746094, 1746897
1746919, 1747146
1747195, 1747626
1747694, 1751248
1753716, 1755431
1755445, 1757310
1757681, 1759432
1759435, 1760178
1760175, 1760555
1760552, 1760929
1760997, 1761605
1761744, 1762937
1762947, 1763393
1763428, 1764717
1764755, 1764973
1764979, 1765383
1765400, 1767142
1767135, 1769432
1769436, 1771601
1771640, 1773829
1773928, 1774620
1774860, 1775144
1775392, 1776705
1776702, 1777862
1777859, 1778539
1778539, 1779048
1788162, 1789163
1789168, 1789836
1790284, 1791333
1791334, 1791573
1791570, 1792235
1792400, 1793740
1793997, 1794707
1794756, 1795805
1795805, 1797388
1797388, 1798245
1798294, 1799052
1799073, 1799483
1799583, 1800899
1800896, 1802038
1802035, 1802667
1802664, 1803284
1803294, 1804031
1804039, 1804851
1804853, 1805656
1805653, 1806000
1806181, 1807263
1807298, 1807762
1807903, 1809453
1809443, 1810150
1810240, 1811058
1811127, 1812359
1812359, 1813171
1813171, 1814577
1815253, 1815693
1815683, 1816081
1816189, 1817607
1817615, 1818517
1818575, 1820029
1819963, 1821693
1821690, 1823273
1823360, 1824400
1824430, 1825887
1825998, 1826585
1826614, 1827945
1828015, 1828088
1828180, 1828797
1828865, 1830073
1830070, 1830561
1830665, 1833379
1833542, 1834987
1835013, 1836236
1836387, 1836830
1837075, 1839171
1839168, 1840583
1840572, 1842242
1842451, 1842891
1842898, 1843692
1843741, 1846659
1846716, 1846973
1846989, 1848458
1848517, 1852035
1852273, 1852878
1852928, 1853122
1853184, 1853573
1853606, 1854388
1854399, 1855454
1856774, 1857724
1857731, 1858537
1858733, 1859758
1859758, 1862253
1865576, 1866634
1866631, 1867845
1867842, 1868726
1868723, 1869925
1869922, 1870845
1870842, 1871354
1871363, 1872559
1872639, 1874051
1874160, 1875221
1875304, 1881684
1881704, 1886512
1886512, 1888020
1888026, 1891079
1891226, 1892287
1892270, 1893562
1895725, 1896087
1896120, 1896467
1896475, 1896867
1896876, 1898207
1898300, 1899232
1899260, 1899916
1900241, 1900975
1901047, 1901751
1901748, 1902296
1902397, 1903299
1903299, 1904420
1904429, 1905253
1905250, 1906242
1906403, 1907320
1907594, 1910593
1910586, 1910810
1910776, 1911399
1911401, 1912081
1912153, 1912920
1912979, 1913590
1913602, 1914876
1914962, 1915190
1915527, 1915910
1915949, 1916701
1916698, 1917759
1917756, 1917932
1917940, 1918746
1918746, 1919669
1919683, 1921446
1921542, 1922723
1922745, 1923689
1923829, 1925589
1925582, 1926205
1926202, 1927137
1927211, 1928575
1929131, 1929880
1929786, 1931456
1934482, 1934649
1934882, 1936342
1936360, 1937316
1937313, 1938149
1938146, 1938841
1938838, 1939602
1939599, 1940291
1940288, 1941679
1941853, 1942665
1942659, 1943573
1943576, 1944406
1944406, 1944756
1944809, 1945627
1945641, 1946420
1946613, 1946686
1947030, 1947419
1947416, 1947643
1947861, 1949345
1949342, 1950589
1950632, 1951051
1951041, 1951751
1951852, 1953237
1952291, 1952503
1953270, 1953839
1953864, 1954634
1954631, 1955569
1955692, 1957245
1957677, 1959233
1959243, 1959791
1959855, 1960487
1960667, 1960783
1960774, 1961016
1961291, 1961788
1961887, 1962129
1962228, 1964186
1964183, 1965370
1965657, 1965941
1965955, 1967637
1967705, 1967917
1967917, 1968165
1968173, 1968910
1969004, 1970704
1970989, 1971390
1971380, 1971991
1972138, 1973568
1973630, 1976227
1976600, 1977331
1977328, 1977885
1977969, 1979567
1979621, 1981003
1981130, 1981579
1984979, 1986670
1989042, 1989566
1993153, 1994661
1994671, 1995054
1995054, 1995842
1997418, 1998515
1999737, 2000006
2000074, 2000433
2002626, 2003870
2003878, 2005164
2005161, 2006447
2006636, 2006947
2007020, 2007766
2007832, 2009172
2009172, 2009990
2009995, 2010555
2010656, 2011960
2012081, 2012530
2012686, 2014479
2014699, 2015262
2015302, 2017476
2017740, 2019260
2019257, 2023432
2023447, 2024628
2024828, 2025031
2030694, 2030978
2031066, 2031968
2032240, 2033751
2033729, 2035486
2035483, 2036703
2036700, 2038532
2039159, 2039350
2047023, 2047349
2047687, 2048034
2052933, 2053289
2053443, 2054147
2054157, 2055359
2055681, 2056112
2056521, 2057423
2057528, 2058193
2058256, 2058960
2059595, 2061058
2062809, 2064728
2064799, 2066442
2066457, 2068883
2069080, 2069709
2069702, 2070625
2070654, 2071019
2071036, 2071914
2071952, 2072356
2072596, 2073084
2073081, 2073824
2073943, 2074437
2074841, 2075518
2075571, 2075828
2075877, 2078702
2078929, 2079789
2079830, 2080696
2080701, 2082587
2082603, 2084636
2084756, 2086981
2087257, 2087652
2087649, 2087912
2089681, 2090718
2090718, 2092085
2092259, 2093698
2093731, 2095188
2095218, 2096168
2096183, 2096599
2096877, 2097299
2097348, 2097650
2097647, 2097961
2097961, 2099694
2099694, 2100329
2100340, 2101014
2101022, 2101648
2101651, 2103042
2103184, 2104107
2104146, 2104823
2104985, 2105770
2105773, 2106567
2106574, 2107683
2107736, 2108713
2109165, 2109470
2109544, 2110584
2110591, 2111361
2111354, 2112109
2112106, 2112966
2113140, 2115476
2115764, 2117248
2117347, 2119446
2119460, 2120695
2120795, 2121430
2121495, 2121884
2121907, 2123151
2123174, 2123611
2123684, 2124370
2124381, 2124824
2125340, 2125819
2125904, 2127967
2128022, 2129374
2129377, 2130513
2130541, 2131857
2131907, 2132329
2132370, 2133203
2133231, 2133692
2133731, 2134261
2134273, 2134872
2134890, 2135867
2136258, 2137400
2139076, 2139687
2139419, 2139656
2139741, 2140148
2140165, 2140476
2140486, 2140704
2140739, 2141869
2142521, 2143675
2143535, 2144446
2144451, 2144882
2144940, 2145248
2145214, 2146245
2146245, 2147633
2147662, 2148954
2149006, 2150274
2150364, 2150768
2150954, 2151385
2151433, 2152395
2152425, 2152895
2153235, 2153882
2153889, 2156111
2156149, 2156592
2156706, 2157299
2157382, 2157987
2158087, 2159091
2159191, 2159943
2159921, 2160328
2160463, 2161566
2161566, 2162762
2171061, 2171525
2171623, 2172486
2172524, 2173795
2174067, 2175182
2175173, 2176513
2176550, 2176930
2177087, 2178949
2178957, 2179436
2179673, 2180446
2180450, 2181217
2181262, 2181906
2181918, 2182442
2182460, 2183239
2183372, 2183869
2183866, 2184957
2184959, 2186188
2186203, 2187159
2187384, 2188493
2188496, 2191015
2191027, 2192097
2192094, 2192609
2192606, 2193667
2193664, 2194434
2194644, 2194973
2194970, 2195347
2195344, 2195934
2195989, 2197353
2197508, 2197960
2198024, 2198425
2198714, 2199064
2199998, 2200189
2200190, 2200486
2200726, 2200941
2200938, 2201249
2201223, 2201744
2201719, 2202096
2202138, 2202587
2202584, 2203129
2203018, 2203632
2203681, 2203977
2203974, 2204225
2204212, 2204706
2204866, 2205273
2205277, 2205549
2205582, 2206802
2207700, 2208497
2208507, 2209322
2209327, 2210604
2210601, 2211629
2211626, 2212858
2212855, 2214126
2214123, 2215256
2215257, 2216570
2216592, 2217167
2217164, 2217646
2217659, 2218036
2218052, 2218717
2218844, 2219251
2219754, 2220800
2220908, 2221756
2221719, 2223164
2223343, 2224029
2224220, 2225188
2225413, 2225832
2225841, 2226101
2227908, 2228561
2228676, 2228906
2228991, 2229902
2230011, 2230610
2231026, 2231454
2231680, 2232219
2232739, 2233299
2233296, 2233637
2234305, 2234649
2234643, 2234891
2234991, 2237306
2237303, 2237575
2237628, 2237984
2238141, 2238908
2239004, 2239957
2240159, 2242876
2242945, 2243721
2243816, 2245138
2245209, 2246822
2246832, 2247584
2247660, 2248442
2248563, 2249420
2249478, 2250974
2250996, 2251883
2252002, 2255985
2256084, 2256428
2256617, 2257942
2258030, 2258272
2258273, 2258671
2258854, 2259285
2259326, 2259820
2261816, 2263072
2263426, 2264001
2263998, 2265038
2265280, 2265999
2265989, 2266405
2266805, 2267110
2267119, 2267724
2267749, 2268108
2268693, 2270240
2270750, 2271748
2271863, 2272747
2272787, 2274508
2274569, 2275408
2275405, 2276424
2276441, 2278486
2278498, 2278932
2279129, 2280124
2280240, 2281082
2281294, 2281617
2281614, 2282102
2282099, 2282740
2282747, 2283721
2283723, 2284796
2284799, 2285641
2285628, 2286530
2286527, 2287846
2287884, 2288681
2288681, 2289241
2289282, 2289599
2289685, 2291220
2291269, 2291925
2291962, 2294526
2294531, 2306986
2299745, 2299886
2307293, 2307517
2307821, 2308156
2308131, 2310755
2310913, 2312517
2312522, 2313049
2313125, 2313838
2314087, 2314353
2314354, 2314659
2314661, 2314825
2314825, 2315061
2315174, 2316709
2316279, 2316680
2316681, 2317085
2317169, 2320753
2320831, 2321064
2321057, 2321467
2321451, 2322542
2322552, 2323178
2323175, 2324701
2324647, 2325870
2325886, 2326809
2326944, 2327501
2327491, 2328225
2328222, 2328977
2328974, 2330146
2330214, 2330963
2330993, 2331406
2331416, 2332879
2333037, 2333288
2333323, 2334294
2334295, 2334594
2335059, 2335373
2335355, 2337325
2337306, 2337869
2338065, 2338505
2338709, 2340874
2340871, 2341815
2341808, 2342944
2343027, 2343332
2343311, 2343916
2344411, 2346180
2346197, 2347324
2347373, 2348554
2348558, 2349292
2349334, 2352054
2352103, 2353029
2353046, 2353297
2353365, 2354315
2354312, 2355310
2355319, 2356677
2358389, 2360041
2360240, 2363281
2363391, 2364107
2364086, 2364520
2364527, 2364781
2364797, 2365054
2368983, 2369729
2369726, 2370601
2370598, 2370792
2370905, 2372569
2372630, 2373823
2373834, 2374457
2374461, 2376290
2376571, 2377140
2377148, 2377441
2377470, 2378312
2378386, 2379222
2379245, 2379727
2379806, 2380660
2380663, 2380944
2382489, 2386067
2386293, 2387171
2388616, 2390085
2390085, 2390288
2390308, 2391189
2391215, 2392459
2392517, 2393320
2393411, 2393641
2393851, 2394639
2394650, 2395237
2395301, 2396011
2396008, 2396838
2396902, 2397315
2397330, 2398406
2398720, 2399793
2399798, 2400328
2400376, 2401722
2401987, 2402072
2402193, 2402510
2402507, 2402722
2402977, 2404035
2404165, 2404521
2404616, 2405398
2405666, 2405956
2406118, 2406843
2406840, 2407616
2407622, 2408374
2408385, 2409524
2409697, 2410641
2410638, 2412122
2412119, 2413351
2413348, 2414922
2414934, 2416394
2416396, 2417475
2417472, 2419004
2419001, 2420608
2420631, 2421665
2422271, 2423137
2425048, 2427087
2427084, 2428238
2428235, 2429425
2429427, 2429858
2431565, 2431969
2432235, 2432855
2432951, 2433634
2433631, 2434536
2434847, 2435905
2435909, 2437459
2437446, 2437886
2437941, 2439140
2440332, 2441720
2441811, 2442317
2442327, 2443214
2443302, 2444585
2444586, 2445329
2445415, 2445810
2445807, 2446946
2447066, 2447500
2447605, 2447994
2448160, 2449962
2449993, 2451150
2451247, 2452020
2452115, 2453272
2453819, 2455756
2455631, 2456743
2456901, 2457512
2457553, 2458395
2458392, 2459681
2459678, 2461327
2461504, 2462148
2462148, 2463047
2463233, 2463652
2463660, 2464751
2464997, 2466955
2467053, 2468027
2468231, 2468923
2468931, 2469287
2469387, 2470463
2470622, 2471332
2471411, 2472496
2472493, 2473242
2473400, 2474938
2474864, 2475970
2476042, 2477181
2477190, 2478326
2478338, 2479885
2479923, 2481701
2481965, 2483626
2483626, 2484531
2484584, 2485276
2485273, 2486208
2486235, 2486987
2486994, 2487416
2487615, 2489051
2489369, 2492353
2492402, 2493742
2493837, 2495399
2495461, 2497023
2497225, 2497446
2497742, 2498587
2498832, 2500373
2500445, 2500751
2500931, 2501632
2501644, 2502738
2502735, 2503472
2503469, 2504608
2504605, 2505699
2505736, 2506161
2506207, 2506383
2506278, 2507153
2507146, 2507637
2507637, 2508452
2508434, 2509375
2509489, 2510256
2510351, 2510587
2510598, 2510669
2510715, 2511176
2511176, 2511652
2511690, 2512280
2512539, 2515244
2515304, 2516548
2516787, 2517695
2517032, 2517134
2517771, 2518118
2518115, 2519365
2519396, 2520712
2520743, 2522164
2522360, 2523175
2523241, 2524791
2524785, 2525354
2525565, 2526992
2526989, 2527918
2527984, 2528487
2528520, 2528975
2528980, 2529174
2529341, 2529874
2530004, 2530822
2530836, 2531897
2532245, 2533330
2533330, 2533965
2535641, 2536594
2536572, 2538350
2538700, 2539929
2540104, 2541390
2541644, 2542810
2542807, 2544276
2544289, 2544621
2544698, 2545225
2545332, 2545631
2545737, 2546105
2546102, 2546431
2546488, 2546805
2546839, 2547087
2546883, 2547752
2547749, 2548939
2549124, 2550029
2551560, 2552939
2553173, 2554831
2554938, 2555876
2555941, 2556135
2556145, 2557440
2557473, 2558810
2558877, 2559569
2559703, 2561331
2561328, 2561705
2561675, 2562457
2562599, 2563114
2563174, 2564028
2564029, 2564253
2564292, 2565032
2565327, 2566550
2566772, 2567410
2567504, 2568406
2568438, 2568890
2569082, 2570053
2570059, 2572002
2572076, 2573008
2573015, 2573707
2573813, 2574055
2574096, 2575019
2575016, 2575225
2575809, 2577098
2577851, 2578696
2579228, 2579419
2579504, 2579935
2580028, 2580210
2580419, 2581135
2581145, 2581477
2581764, 2581837
2583045, 2583332
2583435, 2583779
2583884, 2584408
2584486, 2584755
2585052, 2585906
2585917, 2587290
2587287, 2588804
2588838, 2589710
2589697, 2590521
2590518, 2591840
2591848, 2592726
2592723, 2594153
2595361, 2596269
2596334, 2596780
2597009, 2597857
2597854, 2599947
2599988, 2600479
2601914, 2603461
2603695, 2604222
2604297, 2604683
2604740, 2605078
2605108, 2606754
2606708, 2608321
2608796, 2609728
2609732, 2610421
2610837, 2611805
2611869, 2612987
2613107, 2614063
2614693, 2617581
2619407, 2619479
2619597, 2620016
2620272, 2620529
2620533, 2622452
2622457, 2623752
2623821, 2625803
2625888, 2626172
2626223, 2626519
2626654, 2626980
2627172, 2628698
2628781, 2630319
2630537, 2632075
2639673, 2641064
2641246, 2641653
2641650, 2642042
2642150, 2642578
2642578, 2643468
2643461, 2644258
2644320, 2645774
2645771, 2646673
2646747, 2647088
2647060, 2648367
2648364, 2648912
2648916, 2649974
2649946, 2650248
2650245, 2651558
2652037, 2652825
2652839, 2653987
2654062, 2655093
2655265, 2655582
2655609, 2656115
2656215, 2656430
2656408, 2657703
2657700, 2662085
2662067, 2667115
2667255, 2670269
2670269, 2671603
2671593, 2675837
2675936, 2677633
2677729, 2678649
2678653, 2680005
2680458, 2680667
2680765, 2682018
2682015, 2683142
2683248, 2683712
2683709, 2684266
2684679, 2686370
2686367, 2687131
2687128, 2687973
2688010, 2689941
2690072, 2692075
2692172, 2692521
2692224, 2692439
2692551, 2692715
2693909, 2694964
2694981, 2695799
2695796, 2696647
2696644, 2697714
2697728, 2698057
2698042, 2698245
2698529, 2700457
2700535, 2701290
2701287, 2703248
2703269, 2703838
2704009, 2704437
2704697, 2705518
2706494, 2707333
2707333, 2708310
2708310, 2709965
2710075, 2710335
2710351, 2711301
2711332, 2712876
2712891, 2713784
2714124, 2715332
2715472, 2716314
2716395, 2717138
2717128, 2717799
2717796, 2718176
2718173, 2718808
2719083, 2719355
2719597, 2720643
2721866, 2723308
2723308, 2724183
2724230, 2725477
2726193, 2726780
2726806, 2727339
2728437, 2728847
2728844, 2729134
2729115, 2730560
2730557, 2732749
2733230, 2734144
2734376, 2734795
2734792, 2736831
2736709, 2736987
2737117, 2738247
2738247, 2739686
2739772, 2740032
2740047, 2740361
2740709, 2742184
2742123, 2744984
2745314, 2745724
2745767, 2746138
2746135, 2747598
2747595, 2750225
2750313, 2751572
2751662, 2752180
2752262, 2752660
2752848, 2752994
2753018, 2753623
2753625, 2754746
2754743, 2756704
2756936, 2758192
2758208, 2759488
2759779, 2760687
2760854, 2762380
2762531, 2763175
2763172, 2763774
2763891, 2765291
2765331, 2765404
2765541, 2765611
2765655, 2766839
2766859, 2767665
2767671, 2768159
2768261, 2768884
2768986, 2771571
2771644, 2772147
2772098, 2772331
2772367, 2773035
2773178, 2773564
2773564, 2775204
2775272, 2775565
2775568, 2776284
2776316, 2776969
2776975, 2777391
2777388, 2782262
2782366, 2784042
2784123, 2784608
2786575, 2786898
2786914, 2789283
2789280, 2791022
2791019, 2792494
2792723, 2793988
2794176, 2794249
2794350, 2795120
2797467, 2800880
2800846, 2801145
2806323, 2806529
2806665, 2807288
2807278, 2808030
2808083, 2808304
2808310, 2808735
2808758, 2809939
2809936, 2810982
2810993, 2812096
2812355, 2813176
2813173, 2813730
2813727, 2814911
2814916, 2816880
2816885, 2818474
2818471, 2819127
2819124, 2819870
2819953, 2821596
2821712, 2822359
2822438, 2823259
2823256, 2824593
2824678, 2825484
2825488, 2827089
2827157, 2827804
2827854, 2827926
2829954, 2830139
2830161, 2830583
2830877, 2831338
2831344, 2832591
2832710, 2833513
2833510, 2833761
2834109, 2835335
2835494, 2835566
2837388, 2837615
2837684, 2838157
2838129, 2839541
2839538, 2839930
2840123, 2849332
2849852, 2850574
2851091, 2851318
2851315, 2851716
2851751, 2852671
2852875, 2854266
2854267, 2854686
2854683, 2854907
2854938, 2857781
2857853, 2858254
2858254, 2858724
2858727, 2859290
2859300, 2860418
2860452, 2861144
2861148, 2861591
2861588, 2862676
2862673, 2863203
2863207, 2864412
2864427, 2864834
2865130, 2866341
2866468, 2867127
2867124, 2867786
2867783, 2868061
2868154, 2868567
2868606, 2868863
2868860, 2869237
2869253, 2869627
2869727, 2870122
2870119, 2870364
2870775, 2871194
2871206, 2872015
2872012, 2873265
2873258, 2873770
2873771, 2876485
2876576, 2876965
2877072, 2877746
2877831, 2878541
2878571, 2879929
2880075, 2881052
2882290, 2883339
2883342, 2884334
2884611, 2886362
2886373, 2889795
2889795, 2892449
2892446, 2893471
2893464, 2894408
2894512, 2894901
2894893, 2895960
2896013, 2897803
2898043, 2898783
2898806, 2899309
2899339, 2900220
2900226, 2900690
2900918, 2902507
2902509, 2903531
2903639, 2904541
2904821, 2906092
2906089, 2906763
2906814, 2907740
2907826, 2910198
2910229, 2910900
2911004, 2912677
2912683, 2914011
2914015, 2915736
2915846, 2916193
2916360, 2917709
2917871, 2921377
2923199, 2924233
2924230, 2924820
2924817, 2925383
2925492, 2925737
2925734, 2926138
2926355, 2926975
2926986, 2927480
2927477, 2927908
2927990, 2928391
2928388, 2929959
2930070, 2930357
2930344, 2930784
2930805, 2931560
2931693, 2932289
2932297, 2933142
2933171, 2934070
2934198, 2934872
2936810, 2937865
2937865, 2939001
2939012, 2939962
2939959, 2940612
2940609, 2941196
2941189, 2943267
2943376, 2943603
2945330, 2945830
2945847, 2946287
2946434, 2947111
2947096, 2947449
2947462, 2947887
2947884, 2948558
2948636, 2949457
2949593, 2950486
2950489, 2951307
2951322, 2952503
2952562, 2952993
2953507, 2954748
2955058, 2955420
2955767, 2956891
2956893, 2957432
2957572, 2958870
2958909, 2959190
2959335, 2959820
2962470, 2962712
2962713, 2963390
2963586, 2964242
2964405, 2964851
2965026, 2965358
2965478, 2965837
2965939, 2966397
2966533, 2966913
2966910, 2968406
2968533, 2968850
2969497, 2969568
2969753, 2969825
2969855, 2969925
2969942, 2970013
2970123, 2970554
2971563, 2972027
2979326, 2979688
2980963, 2981190
2981187, 2981576
2981482, 2981754
2981853, 2982086
2982097, 2982351
2982699, 2982980
2983896, 2984654
2984733, 2985254
2985283, 2985753
2985731, 2986840
2986839, 2987615
2987682, 2989268
2989291, 2990592
2990706, 2991116
2991184, 2991936
2991933, 2992628
2992634, 2993992
2993989, 2995062
2995115, 2995945
2996105, 2996737
2996739, 2998055
2998052, 2999968
3000112, 3000609
3000614, 3001903
3001983, 3003269
3003280, 3004038
3004035, 3004748
3004745, 3005650
3005845, 3007062
3007236, 3009209
3009344, 3010027
3010024, 3010686
3010697, 3011368
3011399, 3011767
3011916, 3012623
3012829, 3013608
3013683, 3014147
3014173, 3014658
3014663, 3014965
3015203, 3015853
3015863, 3016735
3016858, 3017655
3017835, 3019421
3019458, 3019886
3019814, 3020203
3020200, 3020457
3020573, 3021547
3021548, 3021796
3021839, 3022285
3022461, 3023432
3023565, 3024257
3024270, 3025328
3025441, 3026847
3027065, 3028039
3028098, 3029123
3029172, 3029858
3029867, 3030361
3030413, 3030877
3031040, 3031537
3031788, 3032498
3032520, 3034619
3034635, 3034883
3034909, 3036102
3036131, 3037291
3037427, 3038914
3038931, 3039800
3039825, 3040769
3040766, 3041461
3041570, 3042475
3042542, 3043018
3043026, 3044378
3044375, 3044989
3044986, 3046524
3046821, 3047675
3047560, 3048552
3048562, 3049086
3049052, 3051424
3051806, 3052012
3052023, 3053189
3053233, 3053682
3055515, 3056348
3056420, 3057232
3057251, 3058063
3058193, 3058531
3058602, 3059231
3059262, 3059786
3059855, 3062506
3062505, 3062819
3062816, 3063634
3063638, 3064528
3064515, 3066191
3066222, 3067124
3067193, 3067945
3068461, 3070083
3070170, 3070586
3070583, 3070849
3070875, 3071270
3071267, 3071536
3071546, 3072640
3072637, 3073056
3073130, 3073609
3073680, 3074471
3074636, 3075373
3075588, 3076370
3076367, 3076720
3080581, 3081033
3081119, 3081592
3081604, 3082341
3082352, 3082756
3082909, 3083370
3083374, 3084303
3084485, 3085555
3085713, 3086183
3086215, 3086754
3086820, 3087935
3087950, 3088984
3089045, 3090361
3090339, 3092597
3092951, 3093466
3093479, 3093748
3093905, 3094900
3095111, 3096874
3096959, 3097645
3097706, 3098938
3098964, 3100169
3101581, 3102162
3102364, 3103260
3103257, 3103940
3103937, 3104911
3105056, 3105619
3105619, 3107307
3107311, 3107637
3107768, 3108397
3108416, 3110065
3110167, 3110523
3110507, 3110737
3110780, 3111823
3111822, 3112289
3112465, 3113094
3112867, 3113271
3113268, 3113459
3113658, 3114812
3115046, 3115303
3115408, 3115719
3116139, 3116747
3118224, 3119036
3123625, 3123966
3123967, 3124983
3124996, 3126144
3126240, 3127367
3127364, 3128272
3128253, 3128963
3128973, 3129347
3129344, 3131773
3131770, 3132714
3132892, 3133539
3133709, 3134593
3134596, 3135483
3135788, 3136333
3136330, 3136599
3136620, 3137012
3137009, 3137224
3137271, 3138020
3138099, 3139181
3139174, 3140484
3140487, 3141314
3141311, 3142222
3142309, 3143628
3143635, 3144645
3144620, 3145171
3145171, 3147873
3147959, 3148258
3148385, 3149428
3149425, 3149976
3150171, 3150716
3150713, 3151201
3151202, 3152950
3153039, 3154631
3154654, 3155871
3156148, 3157521
3157521, 3158144
3158165, 3160054
3160051, 3160521
3160580, 3162061
3164152, 3165192
3165205, 3166584
3166684, 3167802
3168583, 3169359
3169356, 3170723
3170720, 3171646
3171627, 3173000
3173160, 3174017
3174059, 3174643
3174747, 3174995
3174992, 3175372
3175454, 3177265
3177537, 3177818
3177822, 3178085
3178458, 3179312
3179368, 3180531
3180548, 3181762
3181770, 3183011
3183138, 3183395
3183382, 3183825
3183905, 3184567
3184847, 3186934
3187030, 3187611
3187663, 3187977
3188008, 3188871
3188876, 3189397
3190701, 3191621
3191644, 3192201
3192373, 3193158
3193393, 3194151
3195545, 3196432
3196431, 3196850
3196864, 3198285
3198292, 3199107
3199119, 3199982
3200266, 3201015
3202420, 3203397
3203394, 3204290
3204381, 3205232
3205265, 3206434
3206431, 3207942
3207942, 3208328
3208576, 3209406
3209406, 3211745
3211803, 3212108
3212162, 3212956
3212970, 3213854
3213912, 3214253
3214628, 3215572
3215665, 3216357
3216361, 3216891
3216905, 3217147
3217155, 3217643
3217827, 3218270
3218339, 3219214
3219274, 3219861
3219863, 3221698
3221767, 3223524
3223568, 3224680
3224708, 3226285
3226363, 3228243
3228254, 3230680
3230738, 3231076
3231073, 3232506
3232871, 3234139
3234189, 3237806
3237818, 3238099
3238086, 3238499
3238601, 3239470
3239829, 3240551
3240548, 3241171
3241222, 3241959
3242198, 3242983
3242970, 3243281
3243697, 3245448
3245445, 3251075
3251072, 3255688
3255685, 3262251
3262248, 3267731
3267737, 3272203
3272214, 3273209
3273206, 3274075
3274072, 3274902
3274949, 3276217
3276380, 3282715
3283335, 3285077
3285070, 3287832
3290624, 3291325
3291503, 3296353
3296350, 3297840
3297837, 3299954
3299971, 3300570
3300596, 3302455
3303103, 3304248
3304441, 3305253
3305279, 3306535
3306666, 3307391
3307580, 3308545
3308668, 3309399
3309470, 3310297
3310714, 3312000
3312101, 3312838
3312953, 3313201
3313773, 3315122
3315236, 3316456
3316529, 3317461
3318330, 3318815
3318901, 3319467
3319663, 3323046
3323071, 3323703
3323709, 3324476
3324573, 3325703
3325934, 3326104
3326101, 3326949
3327023, 3327736
3327733, 3329946
3329949, 3331361
3331358, 3331612
3331854, 3332048
3332071, 3332754
3332787, 3333788
3335164, 3335748
3335960, 3336505
3336796, 3337917
3337995, 3338999
3339118, 3339762
3339854, 3342082
3342165, 3343118
3343176, 3343820
3344033, 3344629
3344654, 3346075
3346147, 3346848
3346859, 3347719
3347982, 3348473
3348547, 3348619
3348659, 3348730
3348805, 3350277
3350274, 3350993
3351269, 3352606
3352458, 3353468
3353483, 3355069
3355099, 3356541
3356815, 3357276
3357602, 3358567
3358612, 3359271
3359585, 3360586
3360624, 3361130
3361130, 3362986
3363348, 3363686
3363693, 3364532
3364709, 3365830
3365836, 3366450
3366644, 3367267
3367264, 3368793
3368823, 3369854
3369950, 3371434
3371431, 3371730
3371815, 3372471
3372545, 3374620
3374651, 3375664
3375758, 3376387
3376490, 3376852
3378711, 3379001
3379036, 3379329
3382785, 3383888
3383885, 3385066
3385163, 3386077
3386074, 3386919
3387075, 3388031
3388070, 3388870
3389101, 3389925
3389922, 3391502
3391534, 3392778
3392812, 3393201
3393380, 3393928
3394019, 3394921
3395379, 3396461
3396458, 3397141
3397214, 3398290
3398425, 3399408
3399419, 3400183
3400192, 3401058
3401055, 3401918
3401933, 3403162
3403200, 3404921
3405136, 3406215
3406285, 3407325
3407314, 3407688
3408022, 3408306
3408404, 3409378
3409509, 3411083
3411217, 3411957
3412085, 3414166
3414232, 3414684
3414719, 3414958
3415435, 3415989
3416081, 3416695
3416705, 3417745
3417799, 3418662
3418726, 3419376
3419492, 3420970
3421741, 3423213
3423262, 3425427
3425584, 3427107
3427243, 3429519
3429825, 3430250
3430387, 3430710
3430707, 3431315
3431428, 3431838
3431840, 3431912
3431979, 3433622
3433692, 3434090
3434087, 3434467
3434464, 3435573
3435798, 3436322
3436329, 3436685
3436779, 3438053
3438050, 3438973
3439072, 3439548
3439541, 3441352
3441353, 3441754
3441770, 3442597
3442656, 3445988
3446040, 3447278
3447404, 3448426
3448504, 3449991
3449997, 3450923
3450920, 3451750
3451781, 3452887
3452925, 3454343
3454340, 3455764
3455761, 3457272
3458211, 3459098
3459116, 3460807
3460814, 3461734
3461760, 3462764
3462761, 3463891
3463973, 3464449
3464547, 3465686
3467210, 3467662
3467606, 3467926
3467967, 3468334
3468413, 3469264
3469301, 3469783
3469786, 3470679
3470680, 3471369
3471413, 3471850
3471852, 3472778
3472768, 3473904
3474007, 3475377
3475378, 3476961
3477060, 3477500
3477649, 3478728
3478779, 3479174
3479171, 3479683
3479700, 3479951
3480074, 3480742
3480759, 3481289
3482776, 3483945
3483974, 3484807
3484809, 3485111
3485132, 3485575
3485572, 3486174
3486509, 3487711
3488089, 3488559
3488569, 3489063
3489506, 3490375
3491808, 3492122
3492147, 3493181
3494975, 3496366
3496551, 3497549
3497529, 3499265
3499262, 3499915
3499943, 3500749
3502945, 3503277
3503393, 3504175
3504195, 3505283
3505363, 3506769
3506790, 3507995
3508095, 3509066
3509118, 3509546
3509654, 3510055
3511682, 3512068
3512077, 3512631
3512628, 3513338
3513338, 3514660
3514657, 3515415
3515412, 3516749
3516746, 3519166
3519282, 3520514
3520507, 3521142
3521139, 3521927
3521924, 3522223
3522234, 3524135
3524132, 3525793
3525790, 3527385
3529338, 3529979
3529990, 3531138
3531208, 3531645
3531642, 3532913
3532943, 3533905
3533913, 3534395
3534392, 3535351
3535431, 3536057
3536102, 3537238
3537238, 3538362
3538505, 3539851
3539846, 3540745
3540882, 3541364
3541443, 3542045
3542138, 3542845
3542860, 3544347
3544344, 3545300
3545447, 3546307
3546438, 3546797
3547037, 3547330
3547618, 3548907
3549254, 3549688
3549691, 3550143
3550374, 3550718
3550715, 3551044
3554298, 3554645
3554642, 3555262
3555422, 3556687
3556855, 3557064
3559370, 3559443
3559563, 3560024
3560194, 3563172
3563264, 3564286
3564364, 3565782
3565788, 3566687
3566696, 3566896
3567024, 3568367
3568401, 3568679
3569109, 3571211
3571335, 3571589
3571602, 3572543
3572602, 3573669
3573731, 3577036
3577033, 3580200
3580286, 3580495
3580638, 3581312
3581315, 3581620
3581627, 3582505
3582532, 3583710
3583801, 3584658
3585004, 3585690
3585677, 3585949
3586274, 3586834
3586844, 3587539
3587798, 3589381
3589394, 3590617
3590692, 3591492
3591646, 3592257
3592254, 3593372
3593804, 3594235
3594468, 3595433
3595713, 3595967
3596029, 3597534
3597551, 3597766
3598051, 3598356
3598353, 3598904
3598901, 3599551
3599851, 3600699
3601016, 3602440
3602564, 3603322
3603377, 3604729
3604726, 3605718
3605751, 3607034
3607112, 3608254
3608364, 3608873
3608870, 3609757
3610374, 3611189
3611300, 3611941
3611959, 3613116
3613121, 3613603
3613664, 3614398
3614457, 3617603
3617682, 3620531
3620610, 3621254
3621570, 3622211
3622249, 3623091
3623159, 3624910
3624910, 3626613
3626663, 3627349
3627419, 3628063
3628160, 3629647
3629752, 3630387
3630384, 3630566
3630571, 3630738
3630738, 3631988
3632097, 3633584
3633675, 3635063
3635041, 3636267
3636275, 3637315
3637312, 3638709
3638811, 3639302
3639425, 3639844
3639872, 3640141
3640543, 3641538
3641535, 3642881
3643177, 3644838
3644898, 3645977
3645979, 3646884
3646895, 3647809
3647885, 3649381
3649420, 3650109
3650234, 3650515
3650526, 3652682
3652679, 3653347
3653448, 3654632
3654637, 3656931
3656920, 3658089
3658114, 3658638
3658635, 3659924
3659878, 3660696
3660651, 3661169
3661212, 3662012
3662062, 3663708
3663689, 3664222
3664219, 3664887
3664928, 3665821
3665818, 3666249
3666357, 3668159
3668169, 3668954
3668951, 3669388
3669586, 3669999
3670034, 3670411
3670445, 3671794
3671845, 3672297
3672328, 3673575
3673602, 3675086
3675186, 3675995
3676066, 3676731
3676775, 3681316
3681320, 3682087
3682110, 3683024
3683051, 3685963
3685983, 3686900
3686912, 3687577
3687685, 3689442
3689457, 3690938
3691141, 3691620
3691639, 3692808
3692805, 3693989
3694054, 3694860
3694864, 3696468
3696470, 3697093
3697198, 3698097
3698121, 3699383
3699404, 3700330
3700356, 3700526
3700705, 3701016
3701087, 3702184
3702184, 3703467
3703464, 3703865
3704102, 3704440
3704437, 3704871
3705000, 3706772
3706772, 3707563
3707642, 3708070
3708074, 3708316
3708438, 3709052
3709049, 3709714
3709715, 3710248
3713394, 3714332
3714392, 3715708
3715777, 3716994
3717090, 3718598
3718595, 3719746
3719937, 3720782
3721257, 3721697
3721731, 3722600
3722621, 3723631
3724615, 3725844
3726127, 3727476
3727488, 3728627
3728624, 3729355
3743198, 3743455
3767346, 3768140
3768222, 3768593
3768736, 3768996
3769111, 3769500
3769514, 3769807
3769804, 3770649
3770773, 3771048
3771045, 3771302
3771344, 3772534
3772651, 3773019
3773016, 3773567
3773574, 3774155
3774136, 3774504
3774482, 3774874
3774871, 3777501
3777737, 3778201
3780335, 3780979
3780978, 3781412
3781501, 3784740
3784932, 3786272
3786314, 3787489
3787726, 3788367
3788621, 3790048
3790156, 3790809
3790848, 3792353
3792358, 3793248
3793257, 3794867
3796448, 3797437
3797437, 3798489
3799243, 3799635
3799635, 3799943
3803919, 3804791
3804865, 3805575
3805621, 3807573
3807574, 3808437
3808461, 3809387
3809442, 3811025
3811022, 3811636
3811719, 3812345
3812501, 3814078
3814090, 3814998
3815027, 3816106
3816129, 3817175
3817239, 3818027
3818042, 3820402
3820653, 3821891
3822262, 3823863
3823880, 3824584
3824702, 3825268
3825330, 3826217
3826252, 3826551
3826548, 3826958
3826991, 3828727
3828783, 3829910
3829930, 3831519
3831726, 3832136
3832146, 3833045
3833038, 3833676
3833694, 3834521
3834892, 3835200
3835272, 3836891
3836986, 3837288
3837555, 3838589
3838586, 3839062
3839059, 3839694
3839691, 3840197
3840194, 3841420
3841714, 3842076
3848844, 3848999
3850372, 3851754
3851792, 3853213
3853215, 3853928
3853939, 3854793
3855015, 3856889
3856911, 3857387
3857397, 3858239
3858259, 3859662
3859665, 3859976
3860024, 3861370
3861495, 3861950
3861947, 3862390
3862624, 3862926
3862947, 3863264
3863317, 3864531
3864528, 3868238
3868352, 3869755
3869752, 3871119
3871084, 3872496
3872617, 3873405
3873452, 3874132
3876052, 3876822
3876890, 3877432
3877464, 3878507
3878659, 3879264
3879273, 3879692
3879696, 3880070
3880286, 3880399
3880432, 3880653
3880907, 3881764
3881837, 3882832
3882834, 3883442
3883525, 3884193
3883964, 3884917
3884975, 3886069
3886073, 3887083
3887144, 3888802
3888808, 3889341
3889362, 3889868
3889948, 3890733
3892371, 3893720
3895820, 3898885
3898909, 3900402
3900493, 3901182
3901324, 3902106
3902150, 3902812
3903078, 3904616
3904622, 3905566
3905772, 3906221
3906174, 3907007
3907667, 3907990
3908072, 3908236
3908236, 3909738
3909890, 3910468
3910465, 3910947
3910947, 3911675
3911675, 3913369
3913380, 3914534
3914531, 3915886
3915883, 3916956
3916946, 3917998
3917998, 3919200
3919220, 3920062
3920097, 3920861
3921087, 3922040
3922065, 3922256
3922471, 3923673
3923698, 3924819
3924890, 3926398
3936877, 3938424
3938421, 3939257
3945092, 3945748
3950824, 3952470
3952544, 3953335
3953431, 3954270
3954325, 3955521
3955550, 3956260
3956325, 3957368
3957521, 3958432
3958448, 3959512
3959529, 3960713
3960755, 3961786
3961800, 3962324
3962439, 3963599
3963605, 3964054
3964479, 3965192
3965884, 3967038
3967038, 3967820
3967817, 3968944
3972552, 3973592
3973589, 3974500
3974511, 3975296
3975369, 3977060
3977062, 3977922
3979499, 3980659
3980659, 3981048
3981045, 3981980
3981977, 3983140
3983125, 3984144
3984144, 3985445
3985557, 3986732
3986844, 3987299
3987382, 3988296
3988319, 3989098
3989153, 3989896
3989896, 3990774
3990771, 3991523
3991621, 3992688
3992685, 3994742
3994830, 3995699
3995804, 3996964
3997029, 3997631
3999647, 4000435
4000432, 4001589
4001637, 4003160
4003161, 4004294
4004291, 4005250
4005247, 4006203
4006200, 4007366
4007331, 4008182
4008167, 4008433
4008719, 4009282
4009297, 4010199
4010196, 4011071
4011086, 4012270
4012417, 4013493
4013511, 4014041
4014077, 4016212
4016484, 4017083
4017089, 4018168
4018358, 4019071
4019262, 4020128
4020142, 4021383
4021425, 4022393
4022394, 4023803
4023868, 4024347
4024344, 4025039
4025056, 4025544
4025830, 4026378
4026444, 4027886
4027891, 4028967
4028968, 4029762
4029871, 4030494
4030493, 4031407
4033269, 4034042
4034057, 4034374
4034352, 4035710
4035857, 4036684
4038158, 4040704
4040981, 4041319
4041423, 4042940
4043041, 4043859
4043862, 4044281
4044281, 4045210
4045207, 4046118
4046303, 4047496
4047705, 4048181
4048181, 4048747
4048744, 4049145
4049138, 4049980
4049977, 4050585
4050601, 4052883
4053518, 4053847
4053881, 4054042
4054142, 4054696
4054812, 4055123
4055197, 4056375
4057733, 4058701
4058698, 4059885
4059984, 4060268
4060295, 4060591
4062527, 4063249
4063254, 4063904
4063901, 4064872
4064851, 4065903
4065900, 4067285
4067423, 4067911
4067957, 4069054
4069175, 4070470
4070514, 4071239
4071236, 4071580
4071791, 4072666
4072667, 4073611
4073634, 4075409
4077884, 4078450
4079925, 4080560
4080571, 4080765
4081160, 4081351
4081365, 4081437
4081516, 4082721
4082807, 4084456
4084453, 4087257
4087610, 4088188
4088328, 4088531
4088781, 4091096
4091841, 4092878
4094660, 4094983
4094923, 4095300
4095324, 4095530
4095540, 4096115
4096139, 4096939
4096936, 4097994
4098096, 4099148
4099386, 4099478
4099647, 4100510
4100669, 4100968
4101265, 4102035
4102032, 4103678
4103675, 4104475
4104531, 4105457
4105459, 4107084
4107792, 4109747
4109783, 4110481
4110827, 4111345
4111346, 4112329
4112322, 4113515
4113521, 4114342
4114474, 4115157
4115157, 4115894
4116002, 4116379
4116478, 4117152
4117258, 4118052
4118059, 4118514
4118530, 4118691
4118776, 4119798
4119795, 4120955
4121198, 4121554
4121916, 4124348
4124417, 4125376
4125439, 4126479
4126541, 4126614
4127295, 4128725
4128751, 4129083
4129323, 4129691
4129893, 4130357
4130357, 4131712
4131739, 4132392
4132518, 4133519
4133516, 4134592
4134726, 4136048
4136122, 4137114
4137206, 4138138
4138202, 4139755
4139805, 4140242
4140239, 4140463
4140493, 4142022
4142044, 4142745
4142748, 4143920
4143951, 4144916
4144913, 4145614
4145614, 4146891
4146888, 4148186
4148318, 4148962
4149091, 4149480
4149591, 4149911
4150030, 4151040
4151180, 4152217
4152218, 4153483
4153740, 4155674
4155740, 4156729
4156981, 4158222
4158227, 4158922
4158931, 4159821
4159889, 4160500
4160512, 4160913
4161048, 4161773
4161815, 4162258
4162306, 4163718
4163736, 4164998
4164995, 4166731
4166821, 4168128
4168154, 4168281
4168345, 4168430
4168536, 4169300
4170214, 4171143
4171421, 4172614
4172955, 4174763
4174873, 4178070
4178285, 4180615
4180680, 4181720
4181758, 4182834
4182934, 4183992
4184012, 4184512
4184526, 4185890
4186089, 4186577
4186634, 4187695
4187699, 4189288
4190833, 4192179
4192179, 4192853
4192850, 4193245
4193391, 4195373
4195440, 4195802
4195886, 4196098
4196724, 4197107
4197236, 4197595
4197628, 4198137
4198205, 4198597
4199131, 4199217
4199247, 4199705
4199721, 4200221
4200421, 4201326
4201289, 4201888
4201894, 4202613
4202610, 4203299
4203287, 4204417
4204426, 4205373
4205538, 4205840
4205862, 4206917
4206996, 4208876
4209047, 4209526
4209582, 4211009
4211080, 4211784
4212293, 4212982
4212996, 4213940
4214070, 4214429
4214615, 4214887
4215200, 4215775
4216404, 4216730
4216865, 4216937
4216968, 4217056
4217134, 4218195
4218241, 4218825
4218849, 4219673
4219685, 4220932
4221089, 4222648
4222581, 4222667
4222694, 4223680
4223699, 4224895
4224985, 4226985
4226989, 4227525
4227529, 4228350
4228347, 4229261
4229258, 4230100
4230256, 4231236
4231320, 4232393
4232374, 4233597
4233610, 4234536
4234780, 4235265
4235374, 4235739
4235779, 4237164
4237165, 4237929
4237932, 4239863
4239863, 4243147
4243233, 4246517
4246514, 4249810
4249878, 4251005
4251085, 4252866
4254380, 4255948
4255945, 4261146
4261153, 4263066
4263355, 4264365
4264563, 4265462
4265642, 4266658
4266953, 4268836
4268925, 4269833
4269840, 4270337
4270366, 4272279
4272276, 4273475
4273739, 4274593
4274798, 4276417
4278394, 4279215
4279230, 4280015
4280033, 4280788
4280792, 4281571
4281647, 4282402
4282449, 4283999
4283996, 4284331
4284419, 4285825
4285973, 4286686
4286721, 4287935
4288260, 4291529
4291639, 4293174
4293225, 4299605
4299812, 4301566
4302786, 4303397
4303398, 4305008
4305056, 4305685
4305757, 4306239
4306236, 4306811
4306867, 4307658
4307655, 4308914
4309047, 4310396
4310401, 4310814
4311009, 4311707
4311704, 4312669
4312765, 4313541
4313567, 4313980
4314178, 4314723
4314738, 4315562
4315568, 4316596
4317073, 4317165
4319281, 4319640
4320704, 4321327
4321538, 4322071
4322326, 4323234
4323499, 4323897
4324015, 4324671
4324683, 4324967
4325074, 4325478
4325495, 4325968
4326004, 4327473
4327549, 4328199
4328401, 4329408
4329417, 4329614
4330039, 4331505
4331498, 4336081
4336777, 4337949
4337946, 4338272
4338171, 4338521
4338849, 4340027
4340270, 4341478
4341566, 4341877
4341880, 4342731
4342770, 4343321
4343314, 4345035
4345039, 4346481
4346481, 4348724
4348827, 4350602
4352274, 4352576
4352609, 4352896
4353010, 4355010
4355007, 4356542
4356693, 4357535
4357593, 4359782
4360199, 4360546
4360543, 4361925
4362032, 4363420
4363417, 4364757
4364979, 4366838
4366908, 4368521
4368518, 4370170
4370155, 4371684
4371681, 4372706
4372800, 4373630
4373726, 4374013
4374049, 4374372
4376262, 4380452
4380453, 4381940
4381943, 4382851
4383008, 4383640
4383653, 4383985
4384147, 4385379
4385373, 4386308
4386365, 4386814
4387365, 4387895
4387892, 4390432
4390437, 4390709
4390720, 4391031
4391097, 4391606
4391631, 4393073
4393449, 4394195
4394192, 4396600
4396597, 4400151
4400186, 4400854
4400870, 4401634
4401728, 4402735
4402732, 4403082
4403192, 4404412
4404433, 4405167
4405457, 4406491
4406488, 4407531
4407528, 4408202
4408334, 4408897
4408969, 4410069
4410053, 4410415
4410412, 4410789
4410786, 4410929
